( 2,10 ) , ( 1.5,3.66 ) , result: 6.359685526816558
( 2,10 ) , ( 7.75,5.75 ) , result: 7.1501748230375455
( 2,10 ) , ( 4.33,7.33 ) , result: 3.5436986327846784
( 2,5 ) , ( 1.5,3.66 ) , result: 1.4302447343024898
( 2,5 ) , ( 7.75,5.75 ) , result: 5.798706752371601
( 2,5 ) , ( 4.33,7.33 ) , result: 3.2951176003293114
( 8,4 ) , ( 1.5,3.66 ) , result: 6.50888623345039
( 8,4 ) , ( 7.75,5.75 ) , result: 1.7677669529663689
( 8,4 ) , ( 4.33,7.33 ) , result: 4.9555827104388035
( 5,9 ) , ( 1.5,3.66 ) , result: 6.384794436784946
( 5,9 ) , ( 7.75,5.75 ) , result: 4.257346591481601
( 5,9 ) , ( 4.33,7.33 ) , result: 1.799388785115657
( 7,5 ) , ( 1.5,3.66 ) , result: 5.660883323298582
( 7,5 ) , ( 7.75,5.75 ) , result: 1.0606601717798212
( 7,5 ) , ( 4.33,7.33 ) , result: 3.5436986327846784
( 6,4 ) , ( 1.5,3.66 ) , result: 4.512826165497625
( 6,4 ) , ( 7.75,5.75 ) , result: 2.4748737341529163
( 6,4 ) , ( 4.33,7.33 ) , result: 3.7252919348689977
( 1,2 ) , ( 1.5,3.66 ) , result: 1.733666634621547
( 1,2 ) , ( 7.75,5.75 ) , result: 7.721722605740251
( 1,2 ) , ( 4.33,7.33 ) , result: 6.284727519948657
( 4,9 ) , ( 1.5,3.66 ) , result: 5.896236087539236
( 4,9 ) , ( 7.75,5.75 ) , result: 4.962358310319802
( 4,9 ) , ( 4.33,7.33 ) , result: 1.7022925717983968
( 10,10 ) , ( 1.5,3.66 ) , result: 10.604036967117759
( 10,10 ) , ( 7.75,5.75 ) , result: 4.808846015417836
( 10,10 ) , ( 4.33,7.33 ) , result: 6.267200331886639
